1751633275863 0.479376758744077 5
1751633310127 0.6663051124026136 10
1751633344294 0.7803412290608011 15
1751633378284 0.7999530957966317 20
1751633412215 0.8536438789309525 25
1751633446098 0.8495544093411144 30
1751633480905 0.8301624059677124 35
1751633515644 0.8515038693823466 40
1751633550040 0.8639335130772939 45
1751633584028 0.8544940199793839 50
1751633619235 0.8704561445771194 55
1751633653514 0.8377550418783979 60
1751633687767 0.8601225374675379 65
1751633721901 0.8591111629474454 70
1751633755989 0.8690343571872245 75
1751633790852 0.8568392352360051 80
1751633825560 0.847634263881823 85
1751633859964 0.8660735226258999 90
1751633894075 0.8503019468086522 95
1751633928668 0.8679203798131245 100
1751633962861 0.8542448405812426 105
1751633997451 0.8743697230408831 110
1751634031574 0.8648715993253197 115
1751634065781 0.8503019468086522 120
1751634099716 0.8470186445771194 125
1751634133859 0.8718779312401284 130
1751634168122 0.8674073640893145 135
1751634202751 0.8560770401140538 140
1751634236900 0.8854948405812426 145
1751634270703 0.8646370775815917 150
1751634304803 0.8677298310326367 155
1751634339002 0.8725082081992451 160
1751634372866 0.8754983580693966 165
1751634406911 0.8757475374675379 170
1751634441037 0.8745895871301976 175
1751634475918 0.845494254333217 180
1751634509857 0.8732704033211964 185
1751634544019 0.8665572230408831 190
1751634577918 0.8870338884795584 195
1751634611771 0.8788989215362363 200
1751634645674 0.873255745666783 205
1751634679567 0.8767295966788036 210
1751634713066 0.8837799015568524 215
1751634746720 0.8666891419306034 220
1751634780530 0.8842196297354814 225
1751634815067 0.8777849434352503 230
1751634849009 0.8747361629474454 235
1751634883018 0.8577919791384441 240
1751634916693 0.8880306053452376 245
1751634950607 0.8601518527763646 250
1751634984361 0.8592284241827522 255
1751635018405 0.8842636019718356 260
1751635052858 0.8811708492476765 265
1751635086949 0.887414986040534 270
1751635120917 0.8829883911260744 275
1751635155302 0.8843808632071425 280
1751635189734 0.8812294791384441 285
1751635223703 0.8814493432277586 290
1751635258219 0.8841756567722414 295
1751635292428 0.87392999558914 300
1751635326610 0.8870192308251451 305
1751635360971 0.8752638370525546 310
1751635395045 0.8759820592112657 315
1751635429113 0.861119254333217 320
1751635463054 0.8833108580693966 325
1751635496881 0.8401295731707317 330
1751635531382 0.8421962944472708 335
1751635565615 0.87607000441086 340
1751635600189 0.8856853893617305 345
1751635634596 0.8718339590037741 350
1751635669038 0.8831349669433222 355
1751635703411 0.8739446532435533 360
1751635738447 0.8917976079917536 365
1751635772581 0.879162757861905 370
1751635806889 0.8824607177478511 375
1751635841939 0.8788402909185828 380
1751635876173 0.871071763881823 385
1751635910621 0.8754543858330425 390
1751635945400 0.8831789399065623 395
1751635979896 0.8886608815774685 400
1751636014623 0.885553471198896 405
1751636049575 0.8718486166581875 410
1751636084315 0.8924132272964571 415
1751636118546 0.8746921907110912 420
1751636160046 0.8836919556303722 425
1751636194573 0.8727867029062132 430
1751636229153 0.89788051131295 435
1751636263878 0.8825926359106855 440
1751636298184 0.8897895166059819 445
1751636332578 0.8666891419306034 450
1751636366830 0.8666891419306034 455
1751636401437 0.8813760556825777 460
1751636436048 0.8623944651789781 465
1751636470276 0.8700750470161438 470
1751636504713 0.8931754224184083 475
1751636538779 0.8726108117801387 480
1751636572935 0.8785471385572015 485
1751636607180 0.8943187151013351 490
1751636641542 0.8721710836015096 495
1751636675675 0.8834574346135302 500
1751636710459 0.8659855766994197 505
1751636745080 0.8770227483132991 510
1751636779226 0.8918122656461669 515
1751636814112 0.8631566603009294 520
1751636848778 0.8889833492476765 525
1751636883291 0.8911233580693966 530
1751636917806 0.8714235461339718 535
1751636952080 0.887414986040534 540
1751636986021 0.8880892352360051 545
1751637020053 0.8851870312923338 550
1751637054028 0.8871218336791526 555
1751637088613 0.8909767822521489 560
1751637122361 0.8808337239230551 565
1751637156331 0.8804526263620795 570
1751637190132 0.8739446532435533 575
1751637223912 0.8922080208615559 580
1751637257885 0.8887048545407086 585
1751637292062 0.8921640478983158 590
1751637325696 0.8844101785159693 595
1751637359232 0.8902292447846111 600
1751637392972 0.8716873824596405 605
1751637426743 0.8711303937725905 610
1751637460806 0.878928236118177 615
1751637495095 0.8769787760769449 620
1751637529219 0.8862277203943671 625
1751637563112 0.8752198640893145 630
1751637596805 0.8853775800728216 635
1751637630958 0.8640654312401284 640
1751637664953 0.889950750804529 645
1751637699268 0.8873710130772939 650
1751637733189 0.8836919556303722 655
1751637767377 0.894787757861905 660
1751637800892 0.8741205443696278 665
1751637834555 0.8758941132847856 670
1751637868329 0.8902732177478511 675
1751637901819 0.8846007272964571 680
1751637935364 0.8758941132847856 685
1751637968678 0.8741352020240412 690
1751638002778 0.8819916742603954 695
1751638036227 0.884278259626249 700
1751638069892 0.8793093336791526 705
1751638104151 0.8997420261545879 710
1751638138117 0.8819477020240412 715
1751638171953 0.8954473501298486 720
1751638205711 0.8859492264142851 725
1751638239470 0.8770813789309525 730
1751638273879 0.8914018527763646 735
1751638307407 0.8894523920082464 740
1751638341283 0.8829004459264802 745
1751638374726 0.8704414869227061 750
1751638408649 0.8856121010896636 755
1751638441965 0.8871218336791526 760
1751638475794 0.87607000441086 765
1751638509210 0.883604010430778 770
1751638542678 0.8905956846911732 775
1751638576316 0.8549777203943671 780
1751638609937 0.8884556751425673 785
1751638643301 0.8888367727035429 790
1751638677089 0.890507739491579 795
1751638710692 0.8859345687598716 800
1751638744411 0.8915630862480257 805
1751638777757 0.8902145871301976 810
1751638811152 0.8903171907110912 815
1751638844521 0.8961069416709062 820
1751638877908 0.8791334425530782 825
1751638911540 0.879602486040534 830
1751638945746 0.8768028849508704 835
1751638979023 0.8772572700570269 840
1751639013144 0.8752198640893145 845
1751639046624 0.8685066838090013 850
1751639080176 0.875117260508421 855
1751639113703 0.8910207552153889 860
1751639147449 0.8887928004671888 865
1751639181041 0.8920321297354814 870
1751639214427 0.8957991323819975 875
1751639247811 0.8863596385572015 880
1751639281522 0.8802620775815917 885
1751639315225 0.8917829503373402 890
1751639348522 0.86770051572381 895
1751639381930 0.8911233580693966 900
1751639415314 0.8848938789309525 905
1751639448984 0.884996482511846 910
1751639482852 0.875117260508421 915
1751639516707 0.8887488275039487 920
1751639550064 0.8832668858330425 925
1751639583397 0.8839264773741001 930
1751639617008 0.8792653614427985 935
1751639650625 0.8797930348210219 940
1751639684099 0.8803060505448318 945
1751639718229 0.882695239491579 950
1751639752000 0.88899800690209 955
1751639785685 0.8782246716138793 960
1751639819322 0.8814346855733453 965
1751639853070 0.8825486629474454 970
1751639886892 0.8793533066423928 975
1751639920653 0.8934099434352503 980
