1751633275874 34.162043291999964 5
1751633310138 68.44202386 10
1751633344305 102.380118332 15
1751633378295 136.59292201099998 20
1751633412227 170.53645898199994 25
1751633446110 204.40289169099998 30
1751633480917 239.22770808800004 35
1751633515656 273.94826816200003 40
1751633550051 308.370547422 45
1751633584041 342.34574727700004 50
1751633619247 377.547587094 55
1751633653526 411.81771482999994 60
1751633687780 446.07165507999997 65
1751633721913 480.21145706299995 70
1751633756001 514.3081040730001 75
1751633790864 548.8689971819999 80
1751633825572 583.8655841249999 85
1751633859976 618.2783289859999 90
1751633894087 652.3963192389999 95
1751633928680 686.9800639069999 100
1751633962872 721.1809036679999 105
1751633997462 755.7666282789999 110
1751634031585 789.8936252639999 115
1751634065793 824.0982476029999 120
1751634099728 858.0476238039998 125
1751634133871 892.179497627 130
1751634168134 926.4381269549999 135
1751634202763 960.767512786 140
1751634236911 995.21155501 145
1751634270714 1029.0200465789999 150
1751634304815 1063.1169641499998 155
1751634339013 1097.3283268779999 160
1751634372878 1131.197586998 165
1751634406922 1165.235333311 170
1751634441049 1199.352494478 175
1751634475929 1234.2381323749999 180
1751634509869 1268.180164407 185
1751634544030 1302.352961388 190
1751634577930 1336.232844099 195
1751634611782 1370.097506444 200
1751634645685 1403.724531503 205
1751634679579 1437.899522355 210
1751634713077 1471.383371334 215
1751634746731 1505.051102151 220
1751634780541 1538.850840226 225
1751634815079 1573.3840497909998 230
1751634849021 1607.335527035 235
1751634883030 1641.340687535 240
1751634916705 1675.019023813 245
1751634950619 1708.9307324909998 250
1751634984373 1742.680090168 255
1751635018417 1776.727173464 260
1751635052869 1811.1798573129997 265
1751635086961 1844.9684261679997 270
1751635120929 1879.2245523999998 275
1751635155315 1913.623293975 280
1751635189746 1948.0486621339999 285
1751635223715 1982.0161199249999 290
1751635258231 2016.562451251 295
1751635292440 2050.7417009200003 300
1751635326623 2084.9225783320003 305
1751635360983 2119.274096614 310
1751635395057 2153.3576877610003 315
1751635429126 2187.42406704 320
1751635463066 2221.376026969 325
1751635496893 32.38249704400005 330
1751635531394 66.58213144399997 335
1751635565627 101.1001995900001 340
1751635600203 135.66431015100034 345
1751635634608 170.08702748099995 350
1751635669051 204.452342649 355
1751635703424 238.91039258499995 360
1751635738459 273.93628693300025 365
1751635772594 308.06828600000017 370
1751635806902 342.36084345300014 375
1751635841952 377.4138050020001 380
1751635876187 411.6657560020003 385
1751635910634 446.1066996950003 390
1751635945413 480.5580377260003 395
1751635979909 515.383679733 400
1751636014637 550.1136359080001 405
1751636049588 585.049816926 410
1751636084328 619.791646185 415
1751636118558 654.035157199 420
1751636160059 688.69214792 425
1751636194588 730.048687468 430
1751636229166 764.636216762 435
1751636263891 799.365878001 440
1751636298196 833.66487358 445
1751636332591 868.0569516850001 450
1751636366844 902.301461563 455
1751636401450 936.6010575690002 460
1751636436060 971.546639786 465
1751636470290 1005.762634142 470
1751636504727 1040.1866508540002 475
1751636538792 1074.2609725410002 480
1751636572949 1108.4445368890001 485
1751636607195 1142.650526288 490
1751636641555 1177.028036152 495
1751636675689 1211.1604214910003 500
1751636710472 1245.9419643240003 505
1751636745093 1280.559696537 510
1751636779238 1314.7142797850001 515
1751636814124 1349.5947437160003 520
1751636848790 1383.97533732 525
1751636883304 1418.7733487310002 530
1751636917819 1453.283913655 535
1751636952093 1487.5808576610002 540
1751636986034 1521.5137919949998 545
1751637020067 1555.542660267 550
1751637054041 1589.520849176 555
1751637088626 1624.109636664 560
1751637122374 1657.8671944080002 565
1751637156344 1691.8164503080002 570
1751637190145 1725.645632073 575
1751637223925 1759.3977722800005 580
1751637257900 1793.3723565820005 585
1751637292074 1827.2826207820003 590
1751637325709 1861.1896281260001 595
1751637359245 1894.7272390530002 600
1751637392985 1928.45716244 605
1751637426757 1962.2319492849997 610
1751637460819 1996.2903446610003 615
1751637495108 2030.5897790250006 620
1751637529232 2064.704048325 625
1751637563125 2098.6099727630003 630
1751637596819 2132.2877961589998 635
1751637630971 2166.4632453669997 640
1751637664967 2200.3905370770003 645
1751637699282 2234.396235504 650
1751637733203 2268.674212255 655
1751637767391 33.4807276800002 660
1751637800905 67.01253889100008 665
1751637834568 100.6700523010004 670
1751637868342 134.44821854099973 675
1751637901832 167.9424049469999 680
1751637935421 201.47487605399965 685
1751637968691 234.7938857400004 690
1751638002791 268.9001834410001 695
1751638036240 302.34672438300004 700
1751638069905 336.0070734609999 705
1751638104165 370.2734863710002 710
1751638138130 403.96604412099987 715
1751638171966 438.01370102800047 720
1751638205724 471.81871928000055 725
1751638239484 505.5845890970004 730
1751638273892 539.9985188390001 735
1751638307420 573.5313619099998 740
1751638341297 607.4254274309997 745
1751638374740 640.8476996750005 750
1751638408662 674.7711769240004 755
1751638441978 708.0871867440001 760
1751638475807 741.9108292179999 765
1751638509223 775.3334333270004 770
1751638542691 808.8148270930005 775
1751638576330 842.1641244990005 780
1751638609950 876.0459370110002 785
1751638643314 909.4242833609997 790
1751638677102 943.2012164590005 795
1751638710706 976.8088070720005 800
1751638744424 1010.521203362 805
1751638777770 1043.8744648760003 810
1751638811166 1077.2682874060001 815
1751638844534 1110.6368833400002 820
1751638877921 1144.0354290349997 825
1751638911554 1177.6615757939999 830
1751638945759 1211.8731080329999 835
1751638979036 1245.1418887609998 840
1751639013158 1278.9747298310003 845
1751639046637 1312.7571405460003 850
1751639080190 1346.287314526 855
1751639113716 1379.8265522749998 860
1751639147463 1413.5721862199998 865
1751639181055 1447.154811716 870
1751639214441 1480.535223119 875
1751639247825 1513.922639286 880
1751639281536 1547.6549897940004 885
1751639315239 1581.3587971429997 890
1751639348536 1614.6437234599998 895
1751639381944 1648.0504663930005 900
1751639415328 1681.4406555599999 905
1751639448998 1714.8298026370003 910
1751639482866 1748.9675627100005 915
1751639516720 1782.8192070149998 920
1751639550078 1816.1778113440005 925
1751639583411 1849.5115701249997 930
1751639617022 1883.1264365489997 935
1751639650639 1916.7584009949996 940
1751639684113 1950.2150824640003 945
1751639718243 1984.346887054 950
1751639752013 2018.1193118440005 955
1751639785699 2051.7947976490004 960
1751639819337 2085.4465160930004 965
1751639853085 2119.1782837110004 970
1751639886906 2152.708553951 975
1751639920668 2186.761498092 980
