1751633275841 11.76004433631897 5
1751633310103 7.303630828857422 10
1751633344270 4.785759270191193 15
1751633378261 3.7727431058883667 20
1751633412191 2.9711275696754456 25
1751633446074 2.7845776975154877 30
1751633480880 2.8551597595214844 35
1751633515618 2.780083268880844 40
1751633550018 2.5498655140399933 45
1751633584003 2.7589968740940094 50
1751633619210 2.6665515303611755 55
1751633653491 2.2600306570529938 60
1751633687741 2.416576847434044 65
1751633721877 2.4890523552894592 70
1751633755964 2.7396400570869446 75
1751633790827 2.143487334251404 80
1751633825536 2.5487831234931946 85
1751633859940 2.3754642009735107 90
1751633894052 2.179789811372757 95
1751633928645 2.3980930745601654 100
1751633962837 2.187399536371231 105
1751633997428 2.4797452986240387 110
1751634031550 2.3022983968257904 115
1751634065757 2.6077511608600616 120
1751634099693 1.9913547039031982 125
1751634133835 2.50549978017807 130
1751634168097 2.1910172402858734 135
1751634202728 1.6572022140026093 140
1751634236876 2.125213772058487 145
1751634270679 2.0927861034870148 150
1751634304780 1.9329311847686768 155
1751634338979 2.6663864850997925 160
1751634372842 2.2956329584121704 165
1751634406887 1.9267652034759521 170
1751634441014 2.3806741535663605 175
1751634475893 2.2558185756206512 180
1751634509834 2.107932150363922 185
1751634543994 2.2355349957942963 190
1751634577895 2.323056161403656 195
1751634611747 1.478640392422676 200
1751634645650 2.247043937444687 205
1751634679544 2.5235849022865295 210
1751634713042 2.408300280570984 215
1751634746696 1.9288165867328644 220
1751634780506 2.260035753250122 225
1751634815043 2.4229817986488342 230
1751634848985 1.9985199868679047 235
1751634882994 1.6991077214479446 240
1751634916669 1.967076152563095 245
1751634950583 1.9228800535202026 250
1751634984337 2.3187667429447174 255
1751635018381 1.9682117998600006 260
1751635052833 1.570028856396675 265
1751635086926 1.8846424520015717 270
1751635120892 1.7546405792236328 275
1751635155277 1.7774451076984406 280
1751635189709 2.1847898066043854 285
1751635223679 1.9745859205722809 290
1751635258194 2.4880259335041046 295
1751635292403 1.9524283409118652 300
1751635326586 2.364964038133621 305
1751635360946 2.1808349192142487 310
1751635395020 1.8027345836162567 315
1751635429087 2.2457908391952515 320
1751635463029 1.850104659795761 325
1751635496855 2.744646281003952 330
1751635531357 2.3097908794879913 335
1751635565590 2.3604626059532166 340
1751635600161 2.3306501507759094 345
1751635634570 1.6812061071395874 350
1751635668958 1.914996087551117 355
1751635703384 1.985649198293686 360
1751635738421 2.2940377593040466 365
1751635772556 2.379232406616211 370
1751635806863 2.0760286152362823 375
1751635841913 2.0384902954101562 380
1751635876147 2.109932065010071 385
1751635910595 2.045091062784195 390
1751635945374 1.9719112515449524 395
1751635979870 1.721001535654068 400
1751636014596 1.8252547681331635 405
1751636049549 2.0270335525274277 410
1751636084288 1.8554011285305023 415
1751636118520 1.776133120059967 420
1751636160021 2.008406311273575 425
1751636194546 1.8341551423072815 430
1751636229126 2.0192696154117584 435
1751636263849 1.626115694642067 440
1751636298157 2.36778724193573 445
1751636332550 2.7734466195106506 450
1751636366804 2.192101091146469 455
1751636401410 2.179877370595932 460
1751636436021 2.087045192718506 465
1751636470250 2.105168104171753 470
1751636504687 1.8926993906497955 475
1751636538753 1.6899701654911041 480
1751636572905 1.823026403784752 485
1751636607151 2.499305546283722 490
1751636641516 1.6095688045024872 495
1751636675647 2.2421863675117493 500
1751636710431 2.272201508283615 505
1751636745053 2.103450447320938 510
1751636779199 2.1236061453819275 515
1751636814085 1.5984193831682205 520
1751636848752 2.2425874173641205 525
1751636883263 1.8160686194896698 530
1751636917778 1.7819359004497528 535
1751636952054 1.9762142896652222 540
1751636985994 1.9575041830539703 545
1751637020027 1.8402986824512482 550
1751637054002 1.9675578474998474 555
1751637088587 2.6134184449911118 560
1751637122334 1.8500033020973206 565
1751637156304 1.709453135728836 570
1751637190106 1.6651347130537033 575
1751637223886 1.7249327600002289 580
1751637257859 1.9691019505262375 585
1751637292036 1.6664984077215195 590
1751637325670 1.6252665370702744 595
1751637359206 1.677205815911293 600
1751637392945 2.130239963531494 605
1751637426717 1.69352588057518 610
1751637460780 2.0664398670196533 615
1751637495069 2.046781748533249 620
1751637529192 1.9352399706840515 625
1751637563086 2.1342919766902924 630
1751637596777 2.180717796087265 635
1751637630932 1.9885455965995789 640
1751637664867 2.016316384077072 645
1751637699238 1.8630852401256561 650
1751637733159 1.334648311138153 655
1751637767350 2.310216650366783 660
1751637800865 2.062699630856514 665
1751637834529 1.6886585056781769 670
1751637868303 1.944258451461792 675
1751637901792 1.7590236812829971 680
1751637935338 2.1588211357593536 685
1751637968651 2.196774512529373 690
1751638002752 2.285158723592758 695
1751638036200 2.086425244808197 700
1751638069865 1.5508568584918976 705
1751638104125 1.8634077906608582 710
1751638138090 1.7136194705963135 715
1751638171925 1.9131036400794983 720
1751638205683 1.3152017146348953 725
1751638239443 2.1317674219608307 730
1751638273851 1.6897508800029755 735
1751638307380 1.8618121445178986 740
1751638341257 1.96874338388443 745
1751638374699 1.6708696484565735 750
1751638408621 1.9890264421701431 755
1751638441938 1.8118004649877548 760
1751638475766 1.7769463062286377 765
1751638509183 2.2833289951086044 770
1751638542651 2.561422109603882 775
1751638576288 1.8782263398170471 780
1751638609910 2.2221998274326324 785
1751638643274 2.218445658683777 790
1751638677062 2.0713721364736557 795
1751638710665 1.759662240743637 800
1751638744383 1.537833347916603 805
1751638777730 1.7484752833843231 810
1751638811125 1.6219115257263184 815
1751638844494 1.860394448041916 820
1751638877879 2.0037430822849274 825
1751638911513 1.8119334876537323 830
1751638945718 1.9256272614002228 835
1751638978996 1.9592173099517822 840
1751639013116 1.9399769306182861 845
1751639046596 2.0702856183052063 850
1751639080148 1.79499052464962 855
1751639113675 1.7370769381523132 860
1751639147422 2.0420281887054443 865
1751639181014 1.580602154135704 870
1751639214398 1.685293734073639 875
1751639247784 1.9734804928302765 880
1751639281494 2.138413190841675 885
1751639315196 1.8461717367172241 890
1751639348494 1.449817419052124 895
1751639381902 1.9699383676052094 900
1751639415286 1.9488629698753357 905
1751639448956 2.1938321590423584 910
1751639482823 1.736292988061905 915
1751639516678 1.407451793551445 920
1751639550036 1.9085719138383865 925
1751639583368 1.8167205452919006 930
1751639616980 1.7236690670251846 935
1751639650597 1.8090730011463165 940
1751639684071 1.8993699848651886 945
1751639718201 2.2214341908693314 950
1751639751971 2.029338777065277 955
1751639785656 1.8781345784664154 960
1751639819293 1.8325663208961487 965
1751639853042 1.5544218719005585 970
1751639886863 1.908054381608963 975
1751639920623 1.7386420965194702 980
